36897923
42731663
43870360
36897938
42731729
43869247
36221461
42723036
42720369
41297527
44068139
40923766
42720473
42711119
44120166
41110450
36234029
36217180
44042513
43852274
36233801
41236183
36233841
36233842
41205217
40861410
41142640
41142640
40892609
41142643
41142644
36221514
36221517
36221520
36221522
36221524
36221525
36221531
36233266
36233275
36233276
36238152
36235206
41205197
40892576
41298021
41267024
41267023
40892577
40892575
41111146
44055530
36249535
36233085
36238214
36234053
41111117
44120095
44120094
40861307
42724387
41297965
41142560
41142561
40985973
41142559
41205138
36217556
40830080
41079670
36235228
36238193
36234598
36234599
36246234
36212923
36218860
36218861
36218863
36248163
36218864
36234651
36234390
36234402
44028962
36215778
36212937
41297827
42717800
42713749
41297825
36246640
42725709
36214279
36214280
36214281
42715026
40985787
42731057
42715027
41079575
40923420
42721809
42716442
43581905
19061952
19120348
19120349
19125539
19125545
44055370
45775905
19125543
44094029
44106920
43166368
40241221
36222235
40829973
44175711
36247248
41297782
41204946
41297776
42713752
44119903
45776611
45776615
41297777
36218161
36234485
36247768
36234481
36236772
36212144
36212123
36248836
36212124
36212127
1594426
1594363
36248883
36212136
36212137
36212138
36212139
41016835
41142341
41048149
41266756
41297758
44042206
43177448
44055283
41110882
41016829
44093948
44080953
44068254
44068258
44106837
44068257
44055284
44068259
41110883
43603092
21070229
40861080
41204916
40892322
43620052
40829907
43761670
43833899
40985731
43635892
43657550
43783377
43585305
43675688
1592201
46287602
45892424
1592205
1592208
44093941
44029198
41235845
40985732
21089658
21138781
44055280
41048151
44106830
44106835
44042202
44093944
44029196
44106833
44106832
44055282
44119845
43761817
43636053
40825108
43638002
41266757
42725745
41142338
41142337
44068255
40954610
41016830
40861078
41142347
41235843
41110890
41110892
41297754
41048140
1594365
1594414
1594384
1594386
1594369
1594388
40954603
41297755
40923366
42713703
41204914
43166412
36894387
43603367
1594498
1594496
44029199
41079521
41235844
41173385
42714988
21099553
21030801
19056330
41142346
41079520
41079519
43691981
41048137
40829908
40829914
41048138
44055281
40861079
36212153
36212158
36212159
36236773
36236779
36234484
36233621
36233625
36233626
42717671
36238353
36226265
41297732
41204898
44183219
40892291
41266734
41110861
36214261
43617811
43851940
36223998
43690361
36235607
36248379
41297648
41204809
36236722
41204737
41266563
36229709
41297567
36218143
36220334
36220337
42727150
42727151
41142059
36218218
36218219
36218220
36218221
36216745
36216747
36216744
42713672
42719041
19063117
44106630
41235600
42717721
41297513
40985486
40829637
40829635
41266479
41266480
41266481
36225740
41142046
41235595
43708478
42711036
41204656
41266464
41204652
36226027
42800104
42800105
42800106
42800107
42800108
42800109
42800110
42800111
42800112
41016552
41235593
36211968
36211969
36214828
36212288
42725798
42711118
42723144
36234739
36234744
43156006
41266436
36216365
36216366
36216761
36216763
36248961
36216764
36216765
43514628
44093657
43279857
43171206
42799483
44507503
36212638
36212644
36212639
43517097
43515458
43654351
43287958
36212659
36212660
36213686
43167006
41204542
42724367
44028869
41266349
41110517
36214841
40163009
40163010
36219181
36235013
36237602
36237600
36237603
36234794
36245576
36237598
36245423
36235046
36235048
36235049
36235056
36246363
36212503
36235059
36235061
36235063
36235067
36235069
36235050
36235051
36235052
36235053
36237032
36220554
36246576
36246577
36237610
36237066
36237086
41016364
43618523
43746838
41235366
36212669
42713652
40954133
42716453
40860630
42719117
40985261
40954132
36248098
36234251
36234259
36243828
36234261
36247900
36247943
36247944
36234271
36234278
36234279
36237590
36228062
36228071
36228072
36228075
36228077
36213935
36215047
36213938
36213939
36213940
36213941
36213942
36213943
36213944
36213945
36213946
36215046
36215050
41141788
42728341
41266232
44106480
44106480
44067889
41235347
43655645
43600458
41297291
41236249
41016339
40891872
43780413
43618479
42723090
40985243
42727098
42729711
41141787
40922844
43727750
43708474
43582422
44093561
43158932
19118716
40829375
41110412
40860611
40891868
41266229
19120837
41235351
43191431
40860614
42731010
42714984
19052279
19061578
19118697
19061654
44067890
19015801
19035282
19077782
41204429
40985240
40954109
42725697
40860610
43636593
43156001
42717701
43637557
44119497
44093560
44106476
41204442
41047652
40829376
43169446
41297295
21042137
41235350
43601422
41297288
41266434
41235348
19120885
40985239
41297286
43654640
43133862
41204427
41297287
41204435
41266233
42723064
41204434
41204430
41235388
19047824
43271751
44106478
43266254
43210739
42720372
41172921
43199939
41110451
41204433
43709447
41047643
41204432
41204431
42721749
42731009
40985242
43168354
40225769
19052278
19118695
19061653
44080559
19122159
19015780
19073069
19133284
19122734
44106479
19118696
19120583
40823543
19129772
19074770
19074792
43672755
43156003
43148761
41266230
41172884
41266231
41235345
44093557
41110411
42711017
43213398
43201692
43180857
43817392
41016348
43745410
19033788
40985255
41172922
40985241
40860612
41016341
40954110
43726546
40829374
43799322
43147773
43169805
41016340
41172886
41235349
41235346
41297290
40860658
41204428
40829418
40891871
40954158
41172885
41047692
40985287
40829417
41235352
41047693
41172920
41172920
41172919
41297336
41297337
41297337
40829377
40829377
40225772
40891870
40891870
35408101
41297289
40860659
41047641
40985244
41047642
40922845
36215258
36215259
36215264
36215265
36228082
36228084
36223471
41235336
36212755
36212756
36212759
44028783
44067846
44119451
44080521
21031780
43287838
40954312
43171199
44093522
43160287
40821674
41047840
41266433
44119452
44067847
44093523
44080522
44054863
21129891
41297481
36235114
36223585
36223586
36217524
41266143
42800727
41297202
40861009
36235174
36235175
42723146
36227515
36227516
36237398
36237399
36237759
36230109
36248329
36220953
36222499
40860438
41047447
41204218
36218504
42721697
43786371
36235491
36236219
36224772
36224770
36224771
40829063
43779711
43852928
44080346
41297000
42724343
43779710
36224773
36224786
36224787
43762878
21075335
43745009
41110126
40824167
41047341
41110124
41235070
36224790
36237705
36224605
42725677
42724342
36236892
36220422
44028573
43743934
36248087
36233694
40221066
36249053
36246161
1592219
1592226
1594689
41204026
1594691
40824166
40922481
21122852
1594694
40984854
1592221
36249054
36248085
36247270
36236020
36237754
36233503
40984816
44106161
43272232
43283022
44028529
44028530
44041506
44080269
40953645
41047221
42719120
41141359
41203976
40891443
41172469
40860215
40891444
42711128
42719121
41265802
43283024
43272233
41141358
41234967
41109991
36228705
36230420
36230421
36248294
36247094
36245419
40891409
42728461
41265749
41141316
41265750
36225085
40922457
41203983
40953651
36235858
36232961
36237249
36218384
36220739
36220740
36220741
36220742
36220743
36220744
36220745
36247249
36220746
36220747
36220748
36220749
36220751
36220753
36220754
36220755
36220756
36220757
36220758
36220759
36220760
36220761
36220762
36246277
36220764
36220763
36218385
36218386
36218387
36220766
36220765
36220767
36220768
36220769
36220770
36248880
36220771
36220772
41078488
41015867
41109905
41234858
41109907
40953542
41141265
40922351
40984722
44067524
21143925
21026166
41047089
40953531
40922347
41265677
43178109
40953533
41172371
41015862
41296808
21035053
44183182
43255984
43516662
41109903
42717672
40984717
41047080
42716324
44080205
44080202
44119126
35412750
43288534
35411989
41109906
41047083
44028466
44067523
44106112
44080203
44028465
44106108
44041447
44041448
44067526
44067525
44080209
21032448
40953535
41172363
19074763
41047081
41172361
40891349
41265673
40922348
41078477
41047079
41109900
41203865
44186930
21043846
44028467
19120626
21094866
21173471
43293981
40953546
42706818
40243957
44814308
41296812
21153886
41078486
41078485
44054535
44093191
44106111
44080210
21111451
44119127
41141259
42706820
44106113
44054539
44041450
44080208
44041449
19118101
19115584
43785219
40828815
19118146
44054534
44080207
44080206
44093190
44080204
44067522
44106110
44106109
44054533
41141261
44054540
43744213
19032573
44093195
19052272
19118143
19120845
19118145
19032378
19059634
19059688
19059610
19063153
19063870
19120572
19072499
19042519
19034021
44067528
19118144
19076067
19129476
19076095
19034027
19027280
19076121
19037464
19076989
44028468
19124218
41109901
19120573
19120574
19120575
44784836
19043320
43272288
19061218
19126208
19118103
19061358
19118106
43636298
40243944
19043374
19022882
19114227
19005824
19079489
19080569
19080591
40231136
46233830
21042749
40953534
41203864
41078476
21035054
21172569
41265672
41296800
41109902
19135618
43582143
40184256
40922346
40168724
44507847
40168005
19020402
19118088
19122719
19126580
19022881
42629545
42799746
19006606
40891350
41265674
41296799
19122088
43288540
40828814
19076097
43134955
43189953
19061353
19061357
19118090
43726126
40226633
40226637
42705230
42800224
42800225
40226642
40226643
42705234
40226649
40226537
40226538
43011453
42705177
42705245
42800230
19029017
45774730
43560724
40226547
40226548
40226549
42800171
42800179
42800180
42800181
42800182
42800183
43532628
43011454
42705264
42800191
42800192
42800193
42800194
40226561
40226562
40226563
40230690
40226564
40226565
45776286
44506401
43013658
43013666
36218391
36237250
36218397
36218398
36237251
36237252
36228733
36228741
36232399
36232406
40953476
41203808
36214301
36236144
36236145
36232988
36232989
36218586
36221894
36221904
36236669
36246645
36236687
36235546
36231068
36240771
36240772
36240773
36218430
36218673
36218674
41109689
41109688
41172154
21109432
42724466
41110449
41141043
41172155
40891135
40984489
41015662
40953323
40859894
41203632
36240779
41141038
41296568
42720314
36229556
36229561
36229562
36229563
36231605
36238465
36227717
36245663
36231004
36238781
36239372
36239373
36239408
36224998
36239259
36221046
41172029
44118901
42901437
36221048
36221051
36221052
36227858
36218714
40170093
36231144
36231254
36239814
36239832
36239837
36239838
36239839
36239833
36239528
36228144
36228158
43190119
36230201
36249530
36229946
36229948
36229947
36229949
36229950
36246860
36246233
36215510
36215517
36215515
36215516
41234430
41046667
41015450
40921946
41109484
43013737
43192796
19118446
21023076
42727157
40859636
40984285
21050484
36229953
36231961
36240526
36231986
36240135
36229830
36228546
36230218
36230238
36228291
36231576
36227374
41234381
42721821
42720476
36231575
36228355
36228356
36228358
36228359
36228360
36229969
36228365
36231991
36238550
36238587
36226357
36226366
43690618
36228642
36242679
36242680
36240033
36240382
36242190
36245379
41171757
41234237
41296120
36223094
36223095
43262535
40859423
41171749
41234235
41109258
41296115
41171748
36227295
36226924
40921682
36240070
36240076
36225304
36247427
36238245
36238158
36242200
36242201
36242210
36242211
36242202
36242467
36220902
36220903
36220904
36220905
36220908
41234157
42724298
44025454
44079733
41234156
44079732
44079735
43654976
19033819
19121519
43762327
19033841
41296038
43653934
41264971
43601551
41234158
43798370
43762330
44079734
43781511
43618486
45776443
36220910
36211786
36211787
41296032
43601041
41046352
41109172
36223457
36242204
36242474
36242476
36242477
36239923
36232172
36232173
36232178
36232179
36232180
36232181
36232177
36232183
36232175
36250062
36232176
36232184
36245581
36246998
36247653
36232185
36230282
36250194
36230607
36230854
36247805
36230858
36246324
36230856
36230860
36248800
36248099
36243511
36214680
36240334
36212864
43138473
43851825
36240446
36228791
36228792
36228793
36228795
36248854
36232133
36243929
36248462
36239134
36228934
36239465
36241229
36230491
36230674
36239075
41264646
36241281
36240720
36240721
36229262
36231191
36227710
36223381
40921262
40827710
41264565
41264564
42717808
42724457
44079431
44079430
43672814
43834658
44105354
43149377
43708516
43603416
44079429
43708520
21114406
44175642
43268664
44118298
40233975
19045921
40233982
40233983
40233984
46234379
44507749
40228089
40234027
40234028
46234381
36223384
36223168
36223173
36238500
36239366
36227691
36249627
36227701
36227823
36239686
36242863
36238648
36239956
36239987
36247109
36241985
36241937
36238663
36240002
36240805
36241338
36241350
36241948
36241949
36241958
36242618
36244963
36242245
