concept_id
36897938
42731729
43869247
36232779
36233795
36243387
36233799
36233801
36249539
36249539
36218845
36249535
36234053
36234103
36217556
40830080
41079670
41079668
36246234
36234390
36234399
36234400
36234401
36234402
36234403
36234404
36234405
36249521
36249521
35410365
35410365
43785319
43785319
36234672
36212003
40829959
41110930
21168733
44106909
44029292
40861120
36884459
36888335
41233475
40861121
36879660
40985777
41016880
41079560
40827437
36892310
41014533
41110927
41173427
41266800
41295356
41048195
40889975
40861119
41016878
41142385
40892356
41079557
41142384
40827439
40861123
40983274
41235888
40923407
40920977
41266802
40985772
41202459
41235891
43137551
43181578
21139131
36881746
21070602
21129284
44029294
42480011
43170568
41108483
40892354
42478834
1115673
36879661
43746004
42729720
42479884
36894275
40892355
41110928
41048193
40954639
41108485
40954643
40824176
40985778
44179498
36892309
41204959
42713496
42721763
42712430
36888333
36886395
41142387
41266806
41079558
36891325
43836223
40829964
44183222
40822274
41204966
36881620
40861116
41108484
41142382
40827438
40920980
40923408
40954645
42721557
42713714
42713713
41108482
41173426
40861115
41045709
41079562
41077085
40858682
40889974
40954638
41297793
41142381
40227678
40227679
40227680
40173732
40173733
40173738
40173740
40227681
40227682
36212005
36212006
36212007
36212008
36234674
36249533
36234675
36234485
36247768
36236772
36212144
36216469
36216470
36216471
36212123
36248836
36212124
36212145
36212146
36212147
36212125
36212126
36212148
36212127
1594426
1594363
36248883
36212132
36212133
36212134
36212149
36212150
36212136
36212137
36212138
36212139
36212140
36212141
36212142
41142345
41235849
44183220
41016835
41266758
41204922
41235848
40954612
41173390
41142341
41048149
43282161
41266756
19115593
41297758
44042206
21119101
41110882
41016829
44093948
40954602
44080953
21128885
44068254
43265787
19120343
19062372
44093949
44068258
44106837
44068257
44119847
44055286
44055284
44068259
41110883
21070229
40861080
41204916
40892322
43620052
40829907
36882678
43761670
43833899
41266755
40985731
36883620
43635892
43657550
43783377
43657551
40829912
40985735
43585305
21148634
1592201
46287602
45892424
1592205
1592208
44093941
44029198
41235845
40985732
21089658
21138781
44055280
41048151
19115594
44106830
44106835
44042202
44093944
44029196
44106833
44106832
44119845
40825108
43638002
41266757
42725745
41142338
41142337
40985730
44068255
40954611
41048142
40954610
40827418
41048147
41016830
41295343
40861078
41108464
41142348
41142347
40858662
41142340
41235846
41233451
41110889
41235843
41016839
41235850
41173389
43260360
40827417
41204920
40861083
41110890
40952095
41173392
41045692
41048146
40920952
40861084
41048148
41110892
40889949
41297754
920825
41016832
920831
41142349
41173388
41139836
41297757
41048140
920868
920796
19047753
920870
19084748
920869
19115592
40167909
1594365
1594414
1594384
1594386
1594369
1594388
40954603
41297755
19093724
19021121
40923366
42713703
19120353
21119098
41204914
41016828
19053595
19056414
41204921
41048145
43166412
40923371
19060779
19124041
19062339
19062371
36893432
19072647
35604712
19082356
920826
40861081
43675686
36886519
40829910
19108994
19114213
36894387
36890487
36880771
36881738
41142336
40858664
41266759
41108465
41110881
19093625
21070231
21079940
1594498
1594496
44029199
41079521
41235844
41173385
42714988
21099553
21030801
21040671
19056330
41142346
19031961
19056451
19056328
19115554
36879794
19115591
19062373
41048143
19084825
21060272
19115555
920800
41079520
41079519
43745810
43637996
40954608
43601895
43619887
36888460
40954614
40954607
43656087
43691981
41048137
40829908
40829914
41048138
19109114
36882535
43691877
40861079
920798
19121384
19072837
41204919
36893300
36892441
36881607
36884571
920823
19052715
19116153
41173386
19016533
40954606
19058164
19080745
19072839
920824
41235851
41266762
36880772
40985733
19097852
44106839
41173387
43585303
36889316
40821987
36890326
40861085
43133391
42711068
36888309
41016838
920871
35602969
35602973
19108592
36245178
36212151
36212153
36212154
36212155
36212156
36212157
36212158
19108591
920915
36212159
36236773
36236778
36236779
36234484
36248251
36236788
36236789
36243960
36236790
36233621
36233622
36233623
36233624
36233625
36233626
41204863
19038814
43179663
21153491
36891442
21123774
19117741
44080888
43694333
36213521
36217837
36217838
36217839
36217840
36222419
36222420
36222423
36222421
36222422
36222429
36222452
36218143
36212288
21114410
36249525
36234739
36234744
36234745
36249540
36249540
36248503
36234834
36234835
36216765
36248933
46287627
46221671
1592230
36213686
36246609
36246610
36235057
36235058
36237599
36233968
36233968
36237066
36237086
41016364
43618523
43746838
41235366
36247944
36228062
41110448
36235174
36235175
36249542
36249542
36227516
43618525
43192301
36236207
36248329
36220933
36220934
36220935
36235971
36235971
36249538
36249538
1594238
1594238
1594239
1594239
36248502
35605361
44067679
44080344
19074604
19122653
43162154
36249527
36237705
43785316
43785316
35762013
35762013
44106225
44106225
43148463
43148463
43266611
43266611
21040512
21040512
44106227
44106227
44119242
44119242
21040513
21040513
21148476
21148476
21168211
21168211
43803257
43803257
43255789
43255789
1594236
1594236
36220588
36220588
40171018
40171018
1593607
1593607
40171024
40171024
36249727
36249727
1592698
1592698
40171049
40171049
40171050
40171050
36220589
36220589
40221066
36249053
36246161
36249054
36248085
36247270
36236020
40984816
44106161
43272232
43283022
44028529
44028530
44041506
44080269
40953645
41047221
42719120
41141359
41203976
40891443
41172469
40860215
42711128
42719121
41265802
43283024
43272233
41141358
41234967
41109991
36236665
36236666
36244614
36236667
36236669
36236664
36231066
36231067
36231068
36222080
36218673
36218674
41109689
41109688
41141043
41172155
41015662
40953323
40859894
36231605
36238465
36248540
36239373
36248518
36219413
43840712
40890957
41296387
44171938
41015491
43779715
43749424
41109531
43177631
43696691
43731493
19023533
19064076
40170920
36219416
36219417
36231946
36248934
36239814
36239832
36239837
36239838
36239839
36239833
36239528
36228144
36228158
36230201
36249530
36230209
36249624
36230210
36249618
36249728
36249728
36249536
36249536
36231547
36249625
1592700
1592700
1592701
1592701
36246233
36215515
36215516
41015450
40921946
43013737
43192796
21023076
42727157
40859636
36227374
41234381
41265202
40953061
41046598
42721821
42720476
40234715
40234720
40234721
40234716
40234722
40234723
40234724
40234725
40234726
40234737
40234738
40234740
40234741
40234742
40234739
40234743
40234744
40234745
40953062
36231575
36249528
36243934
36241140
36241141
36248515
36248369
36242680
41234235
41109258
41296115
36225304
36242478
36231341
36231342
36249537
36248800
36248837
36241513
36241514
36241515
36241516
36240216
36240334
36212864
43138473
40983794
43851825
40859201
40859200
36240251
36232123
36248462
36242774
36239134
36229130
36230491
36229136
36230674
36229567
36227710
36231646
36223381
40921262
40827710
41264565
41264564
42717808
42724457
41169743
40890301
44079431
44039346
44118297
44079430
43672814
43834658
41107193
41171316
43834659
44052418
44027703
44066735
44105354
43171519
43149377
44104078
44092432
40826102
43708516
43603416
41107194
40890303
40826101
41107191
41140142
40981959
40890302
41294123
41045988
40857397
44079429
43708520
21114406
44175642
43268664
904436
41108808
41169744
41264567
41138638
41045990
44118298
19095979
40981958
40890299
41294126
41013254
19109785
43654698
44092431
904427
40858986
19091880
36892347
904332
904392
21065310
43780468
43600504
43654697
43726452
43780458
43816450
43726451
43780466
41075742
21084958
41171319
43279543
43690657
41045989
40827712
41201158
41264561
904331
19109794
43690648
43816440
43798400
41235384
43204880
43657601
41295647
904395
19118641
19089689
40858988
43798413
41140143
41171318
43193456
43290378
41264566
41077392
41171317
43675747
36883542
40952434
42724273
42728443
904385
904333
41138637
41233785
40233974
40233975
19045921
40233982
40233984
40233988
40233991
40221061
40221064
40233992
40234004
40234005
40234006
40234007
40234008
46234379
40234009
40239009
40163407
40239014
40234021
40234022
40234023
44507749
40234024
40234025
40239015
40228089
40239016
40234026
40234027
40234028
40234029
40234032
35604770
35604773
40234033
40234036
40234037
40234061
40234062
40234063
40234065
40234064
40234067
40234068
40234066
40234069
40234070
40234071
40234072
40234075
40234076
40234077
40234078
40234073
40234079
40234080
40234081
40234074
40234082
40234083
40234090
40234091
40234092
40234093
40234094
46234381
35604854
35604856
904509
19032638
40234790
40234792
40234794
40234796
40234799
40234800
40234810
40234811
40234812
40234813
40234814
40234815
40234816
40234817
40234818
40234821
40239443
40234822
40234825
40239444
36223383
36223384
36223168
36223169
36245778
36223170
36223172
36223173
36231647
36238499
36238500
36239366
36240559
36231211
36242077
36242078
36242079
36231213
36227691
36249627
36247923
36227701
36241599
36239207
36246491
36246492
36248861
36242863
36239689
36238648
36239324
36249541
36249620
36249620
36248464
36246165
36238663
36238664
36249529
36242245
